#	class	buying	maint	doors	persons	lug_boot	safety
1	2	4	1	4	2	1	1
2	2	5	1	4	3	3	2
3	1	4	3	2	2	3	1
4	2	4	3	2	2	2	2
5	2	4	3	2	2	2	3
6	1	4	3	2	2	2	1
7	2	4	3	2	2	1	2
8	1	4	3	2	2	1	3
9	1	4	3	2	2	1	1
10	2	4	3	2	3	3	2
11	2	4	3	2	3	3	3
12	1	4	3	2	3	3	1
13	2	4	3	2	3	2	2
14	1	4	3	2	3	2	3
15	1	4	3	2	3	2	1
16	2	4	3	2	3	1	2
17	1	4	3	2	3	1	3
18	1	4	3	2	3	1	1
19	2	4	3	3	1	3	2
20	2	4	3	3	1	3	3
21	2	4	3	3	1	3	1
22	2	4	3	3	1	2	2
23	2	4	3	3	1	2	3
24	2	4	3	3	1	2	1
25	2	4	3	3	1	1	2
26	2	4	3	3	1	1	3
27	2	4	3	3	1	1	1
28	2	4	3	3	2	3	2
29	2	4	3	3	2	3	3
30	1	4	3	3	2	3	1
31	2	4	3	3	2	2	2
32	1	4	3	3	2	2	3
33	1	4	3	3	2	2	1
34	2	4	3	3	2	1	2
35	1	4	3	3	2	1	3
36	1	4	3	3	2	1	1
37	2	4	3	3	3	3	2
38	2	4	3	3	3	3	3
39	1	4	3	3	3	3	1
40	2	4	3	3	3	2	2
41	1	4	3	3	3	2	3
42	1	4	3	3	3	2	1
43	2	4	3	3	3	1	2
44	1	4	3	3	3	1	3
45	1	4	3	3	3	1	1
46	2	4	3	4	1	3	2
47	2	4	3	4	1	3	3
48	2	4	3	4	1	3	1
49	2	4	3	4	1	2	2
50	2	4	3	4	1	2	3
51	2	4	3	4	1	2	1
52	2	4	3	4	1	1	2
53	2	4	3	4	1	1	3
54	2	4	3	4	1	1	1
55	2	4	3	4	2	3	2
56	2	4	3	4	2	3	3
57	1	4	3	4	2	3	1
58	2	4	3	4	2	2	2
59	1	4	3	4	2	2	3
60	1	4	3	4	2	2	1
61	2	4	3	4	2	1	2
62	1	4	3	4	2	1	3
63	1	4	3	4	2	1	1
64	2	4	3	4	3	3	2
65	2	4	3	4	3	3	3
66	1	4	3	4	3	3	1
67	2	4	3	4	3	2	2
68	1	4	3	4	3	2	3
69	1	4	3	4	3	2	1
70	2	4	3	4	3	1	2
71	1	4	3	4	3	1	3
72	1	4	3	4	3	1	1
73	2	4	2	1	1	3	2
74	2	4	2	1	1	3	3
75	2	4	2	1	1	3	1
76	2	4	2	1	1	2	2
77	2	4	2	1	1	2	3
78	2	4	2	1	1	2	1
79	2	4	2	1	1	1	2
80	2	4	2	1	1	1	3
81	2	4	2	1	1	1	1
82	2	4	2	1	2	3	2
83	2	4	2	1	2	3	3
84	1	4	2	1	2	3	1
85	2	4	2	1	2	2	2
86	2	4	2	1	2	2	3
87	1	4	2	1	2	2	1
88	2	4	2	1	2	1	2
89	1	4	2	1	2	1	3
90	1	4	2	1	2	1	1
91	2	4	2	1	3	3	2
92	2	4	2	1	3	3	3
93	2	4	2	1	3	3	1
94	2	4	2	1	3	2	2
95	2	4	2	1	3	2	3
96	1	4	2	1	3	2	1
97	2	4	2	1	3	1	2
98	1	4	2	1	3	1	3
99	1	4	2	1	3	1	1
100	2	4	2	2	1	3	2
101	2	4	2	2	1	3	3
102	2	4	2	2	1	3	1
103	2	4	2	2	1	2	2
104	2	4	2	2	1	2	3
105	2	4	2	2	1	2	1
106	2	4	2	2	1	1	2
107	2	4	2	2	1	1	3
108	2	4	2	2	1	1	1
109	2	4	2	2	2	3	2
110	2	4	2	2	2	3	3
111	1	4	2	2	2	3	1
112	2	4	2	2	2	2	2
113	2	4	2	2	2	2	3
114	1	4	2	2	2	2	1
115	2	4	2	2	2	1	2
116	1	4	2	2	2	1	3
117	1	4	2	2	2	1	1
118	2	4	2	2	3	3	2
119	2	4	2	2	3	3	3
120	1	4	2	2	3	3	1
121	2	4	2	2	3	2	2
122	1	4	2	2	3	2	3
123	1	4	2	2	3	2	1
124	2	4	2	2	3	1	2
125	1	4	2	2	3	1	3
126	1	4	2	2	3	1	1
127	2	4	2	3	1	3	2
128	2	4	2	3	1	3	3
129	2	4	2	3	1	3	1
130	2	4	2	3	1	2	2
131	2	4	2	3	1	2	3
132	2	4	2	3	1	2	1
133	2	4	2	3	1	1	2
134	2	4	2	3	1	1	3
135	2	4	2	3	1	1	1
136	2	4	2	3	2	3	2
137	2	4	2	3	2	3	3
138	1	4	2	3	2	3	1
139	2	4	2	3	2	2	2
140	1	4	2	3	2	2	3
141	1	4	2	3	2	2	1
142	2	4	2	3	2	1	2
143	1	4	2	3	2	1	3
144	1	4	2	3	2	1	1
145	2	4	2	3	3	3	2
146	2	4	2	3	3	3	3
147	1	4	2	3	3	3	1
148	2	4	2	3	3	2	2
149	1	4	2	3	3	2	3
150	1	4	2	3	3	2	1
151	2	4	2	3	3	1	2
152	1	4	2	3	3	1	3
153	1	4	2	3	3	1	1
154	2	4	2	4	1	3	2
155	2	4	2	4	1	3	3
156	2	4	2	4	1	3	1
157	2	4	2	4	1	2	2
158	2	4	2	4	1	2	3
159	2	4	2	4	1	2	1
160	2	4	2	4	1	1	2
161	2	4	2	4	1	1	3
162	2	4	2	4	1	1	1
163	2	4	2	4	2	3	2
164	2	4	2	4	2	3	3
165	1	4	2	4	2	3	1
166	2	4	2	4	2	2	2
167	1	4	2	4	2	2	3
168	1	4	2	4	2	2	1
169	2	4	2	4	2	1	2
170	1	4	2	4	2	1	3
171	1	4	2	4	2	1	1
172	2	4	2	4	3	3	2
173	2	4	2	4	3	3	3
174	1	4	2	4	3	3	1
175	2	4	2	4	3	2	2
176	1	4	2	4	3	2	3
177	1	4	2	4	3	2	1
178	2	4	2	4	3	1	2
179	1	4	2	4	3	1	3
180	1	4	2	4	3	1	1
181	2	1	4	1	1	3	2
182	2	1	4	1	1	3	3
183	2	1	4	1	1	3	1
184	2	1	4	1	1	2	2
185	2	1	4	1	1	2	3
186	2	1	4	1	1	2	1
187	2	1	4	1	1	1	2
188	2	1	4	1	1	1	3
189	2	1	4	1	1	1	1
190	2	1	4	1	2	3	2
191	2	1	4	1	2	3	3
192	2	1	4	1	2	3	1
193	2	1	4	1	2	2	2
194	2	1	4	1	2	2	3
195	2	1	4	1	2	2	1
196	2	1	4	1	2	1	2
197	2	1	4	1	2	1	3
198	2	1	4	1	2	1	1
199	2	1	4	1	3	3	2
200	2	1	4	1	3	3	3
201	2	1	4	1	3	3	1
202	2	1	4	1	3	2	2
203	2	1	4	1	3	2	3
204	2	1	4	1	3	2	1
205	2	1	4	1	3	1	2
206	2	1	4	1	3	1	3
207	2	1	4	1	3	1	1
208	2	1	4	2	1	3	2
209	2	1	4	2	1	3	3
210	2	1	4	2	1	3	1
211	2	1	4	2	1	2	2
212	2	1	4	2	1	2	3
213	2	1	4	2	1	2	1
214	2	1	4	2	1	1	2
215	2	1	4	2	1	1	3
216	2	1	4	2	1	1	1
217	2	1	4	2	2	3	2
218	2	1	4	2	2	3	3
219	2	1	4	2	2	3	1
220	2	1	4	2	2	2	2
221	2	1	4	2	2	2	3
222	2	1	4	2	2	2	1
223	2	1	4	2	2	1	2
224	2	1	4	2	2	1	3
225	2	1	4	2	2	1	1
226	2	1	4	2	3	3	2
227	2	1	4	2	3	3	3
228	2	1	4	2	3	3	1
229	2	1	4	2	3	2	2
230	2	1	4	2	3	2	3
231	2	1	4	2	3	2	1
232	2	1	4	2	3	1	2
233	2	1	4	2	3	1	3
234	2	1	4	2	3	1	1
235	2	1	4	3	1	3	2
236	2	1	4	3	1	3	3
237	2	1	4	3	1	3	1
238	2	1	4	3	1	2	2
239	2	1	4	3	1	2	3
240	2	1	4	3	1	2	1
241	2	1	4	3	1	1	2
242	2	1	4	3	1	1	3
243	2	1	4	3	1	1	1
244	2	1	4	3	2	3	2
245	2	1	4	3	2	3	3
246	2	1	4	3	2	3	1
247	2	1	4	3	2	2	2
248	2	1	4	3	2	2	3
249	2	1	4	3	2	2	1
250	2	1	4	3	2	1	2
251	2	1	4	3	2	1	3
252	2	1	4	3	2	1	1
253	2	1	4	3	3	3	2
254	2	1	4	3	3	3	3
255	2	1	4	3	3	3	1
256	2	1	4	3	3	2	2
257	2	1	4	3	3	2	3
258	2	1	4	3	3	2	1
259	2	1	4	3	3	1	2
260	2	1	4	3	3	1	3
261	2	1	4	3	3	1	1
262	2	1	4	4	1	3	2
263	2	1	4	4	1	3	3
264	2	1	4	4	1	3	1
265	2	1	4	4	1	2	2
266	2	1	4	4	1	2	3
267	2	1	4	4	1	2	1
268	2	1	4	4	1	1	2
269	2	1	4	4	1	1	3
270	2	1	4	4	1	1	1
271	2	1	4	4	2	3	2
272	2	1	4	4	2	3	3
273	2	1	4	4	2	3	1
274	2	1	4	4	2	2	2
275	2	1	4	4	2	2	3
276	2	1	4	4	2	2	1
277	2	1	4	4	2	1	2
278	2	1	4	4	2	1	3
279	2	1	4	4	2	1	1
280	2	1	4	4	3	3	2
281	2	1	4	4	3	3	3
282	2	1	4	4	3	3	1
283	2	1	4	4	3	2	2
284	2	1	4	4	3	2	3
285	2	1	4	4	3	2	1
286	2	1	4	4	3	1	2
287	2	1	4	4	3	1	3
288	2	1	4	4	3	1	1
289	2	1	1	1	1	3	2
290	2	1	1	1	1	3	3
291	2	1	1	1	1	3	1
292	2	1	1	1	1	2	2
293	2	1	1	1	1	2	3
294	2	1	1	1	1	2	1
295	2	1	1	1	1	1	2
296	2	1	1	1	1	1	3
297	2	1	1	1	1	1	1
298	2	1	1	1	2	3	2
299	2	1	1	1	2	3	3
300	1	1	1	1	2	3	1
301	2	1	1	1	2	2	2
302	2	1	1	1	2	2	3
303	1	1	1	1	2	2	1
304	2	1	1	1	2	1	2
305	1	1	1	1	2	1	3
306	1	1	1	1	2	1	1
307	2	1	1	1	3	3	2
308	2	1	1	1	3	3	3
309	2	1	1	1	3	3	1
310	2	1	1	1	3	2	2
311	2	1	1	1	3	2	3
312	1	1	1	1	3	2	1
313	2	1	1	1	3	1	2
314	1	1	1	1	3	1	3
315	1	1	1	1	3	1	1
316	2	1	1	2	1	3	2
317	2	1	1	2	1	3	3
318	2	1	1	2	1	3	1
319	2	1	1	2	1	2	2
320	2	1	1	2	1	2	3
321	2	1	1	2	1	2	1
322	2	1	1	2	1	1	2
323	2	1	1	2	1	1	3
324	2	1	1	2	1	1	1
325	2	1	1	2	2	3	2
326	2	1	1	2	2	3	3
327	1	1	1	2	2	3	1
328	2	1	1	2	2	2	2
329	2	1	1	2	2	2	3
330	1	1	1	2	2	2	1
331	2	1	1	2	2	1	2
332	1	1	1	2	2	1	3
333	1	1	1	2	2	1	1
334	2	1	1	2	3	3	2
335	2	1	1	2	3	3	3
336	1	1	1	2	3	3	1
337	2	1	1	2	3	2	2
338	1	1	1	2	3	2	3
339	1	1	1	2	3	2	1
340	2	1	1	2	3	1	2
341	1	1	1	2	3	1	3
342	1	1	1	2	3	1	1
343	2	1	1	3	1	3	2
344	2	1	1	3	1	3	3
345	2	1	1	3	1	3	1
346	2	1	1	3	1	2	2
347	2	1	1	3	1	2	3
348	2	1	1	3	1	2	1
349	2	1	1	3	1	1	2
350	2	1	1	3	1	1	3
351	2	1	1	3	1	1	1
352	2	1	1	3	2	3	2
353	2	1	1	3	2	3	3
354	1	1	1	3	2	3	1
355	2	1	1	3	2	2	2
356	1	1	1	3	2	2	3
357	1	1	1	3	2	2	1
358	2	1	1	3	2	1	2
359	1	1	1	3	2	1	3
360	1	1	1	3	2	1	1
361	2	1	1	3	3	3	2
362	2	1	1	3	3	3	3
363	1	1	1	3	3	3	1
364	2	1	1	3	3	2	2
365	1	1	1	3	3	2	3
366	1	1	1	3	3	2	1
367	2	1	1	3	3	1	2
368	1	1	1	3	3	1	3
369	1	1	1	3	3	1	1
370	2	1	1	4	1	3	2
371	2	1	1	4	1	3	3
372	2	1	1	4	1	3	1
373	2	1	1	4	1	2	2
374	2	1	1	4	1	2	3
375	2	1	1	4	1	2	1
376	2	1	1	4	1	1	2
377	2	1	1	4	1	1	3
378	2	1	1	4	1	1	1
379	2	1	1	4	2	3	2
380	2	1	1	4	2	3	3
381	1	1	1	4	2	3	1
382	2	1	1	4	2	2	2
383	1	1	1	4	2	2	3
384	1	1	1	4	2	2	1
385	2	1	1	4	2	1	2
386	1	1	1	4	2	1	3
387	1	1	1	4	2	1	1
388	2	1	1	4	3	3	2
389	2	1	1	4	3	3	3
390	1	1	1	4	3	3	1
391	2	1	1	4	3	2	2
392	1	1	1	4	3	2	3
393	1	1	1	4	3	2	1
394	2	1	1	4	3	1	2
395	1	1	1	4	3	1	3
396	1	1	1	4	3	1	1
397	2	1	3	1	1	3	2
398	2	1	3	1	1	3	3
399	2	1	3	1	1	3	1
400	2	1	3	1	1	2	2
401	2	1	3	1	1	2	3
402	2	1	3	1	1	2	1
403	2	1	3	1	1	1	2
404	2	1	3	1	1	1	3
405	2	1	3	1	1	1	1
406	2	1	3	1	2	3	2
407	2	1	3	1	2	3	3
408	1	1	3	1	2	3	1
409	2	1	3	1	2	2	2
410	2	1	3	1	2	2	3
411	1	1	3	1	2	2	1
412	2	1	3	1	2	1	2
413	1	1	3	1	2	1	3
414	1	1	3	1	2	1	1
415	2	1	3	1	3	3	2
416	2	1	3	1	3	3	3
417	2	1	3	1	3	3	1
418	2	1	3	1	3	2	2
419	2	1	3	1	3	2	3
420	1	1	3	1	3	2	1
421	2	1	3	1	3	1	2
422	1	1	3	1	3	1	3
423	1	1	3	1	3	1	1
424	2	1	3	2	1	3	2
425	2	1	3	2	1	3	3
426	2	1	3	2	1	3	1
427	2	1	3	2	1	2	2
428	2	1	3	2	1	2	3
429	2	1	3	2	1	2	1
430	2	1	3	2	1	1	2
431	2	1	3	2	1	1	3
432	2	1	3	2	1	1	1
433	2	1	3	2	2	3	2
434	2	1	3	2	2	3	3
435	1	1	3	2	2	3	1
436	2	1	3	2	2	2	2
437	2	1	3	2	2	2	3
438	1	1	3	2	2	2	1
439	2	1	3	2	2	1	2
440	1	1	3	2	2	1	3
441	1	1	3	2	2	1	1
442	2	1	3	2	3	3	2
443	2	1	3	2	3	3	3
444	1	1	3	2	3	3	1
445	2	1	3	2	3	2	2
446	1	1	3	2	3	2	3
447	1	1	3	2	3	2	1
448	2	1	3	2	3	1	2
449	1	1	3	2	3	1	3
450	1	1	3	2	3	1	1
451	2	1	3	3	1	3	2
452	2	1	3	3	1	3	3
453	2	1	3	3	1	3	1
454	2	1	3	3	1	2	2
455	2	1	3	3	1	2	3
456	2	1	3	3	1	2	1
457	2	1	3	3	1	1	2
458	2	1	3	3	1	1	3
459	2	1	3	3	1	1	1
460	2	1	3	3	2	3	2
461	2	1	3	3	2	3	3
462	1	1	3	3	2	3	1
463	2	1	3	3	2	2	2
464	1	1	3	3	2	2	3
465	1	1	3	3	2	2	1
466	2	1	3	3	2	1	2
467	1	1	3	3	2	1	3
468	1	1	3	3	2	1	1
469	2	1	3	3	3	3	2
470	2	1	3	3	3	3	3
471	1	1	3	3	3	3	1
472	2	1	3	3	3	2	2
473	1	1	3	3	3	2	3
474	1	1	3	3	3	2	1
475	2	1	3	3	3	1	2
476	1	1	3	3	3	1	3
477	1	1	3	3	3	1	1
478	2	1	3	4	1	3	2
479	2	1	3	4	1	3	3
480	2	1	3	4	1	3	1
481	2	1	3	4	1	2	2
482	2	1	3	4	1	2	3
483	2	1	3	4	1	2	1
484	2	1	3	4	1	1	2
485	2	1	3	4	1	1	3
486	2	1	3	4	1	1	1
487	2	1	3	4	2	3	2
488	2	1	3	4	2	3	3
489	1	1	3	4	2	3	1
490	2	1	3	4	2	2	2
491	1	1	3	4	2	2	3
492	1	1	3	4	2	2	1
493	2	1	3	4	2	1	2
494	1	1	3	4	2	1	3
495	1	1	3	4	2	1	1
496	2	1	3	4	3	3	2
497	2	1	3	4	3	3	3
498	1	1	3	4	3	3	1
499	2	1	3	4	3	2	2
500	1	1	3	4	3	2	3
501	1	1	3	4	3	2	1
502	2	1	3	4	3	1	2
503	1	1	3	4	3	1	3
504	1	1	3	4	3	1	1
505	2	1	2	1	1	3	2
506	2	1	2	1	1	3	3
507	2	1	2	1	1	3	1
508	2	1	2	1	1	2	2
509	2	1	2	1	1	2	3
510	2	1	2	1	1	2	1
511	2	1	2	1	1	1	2
512	2	1	2	1	1	1	3
513	2	1	2	1	1	1	1
514	2	1	2	1	2	3	2
515	2	1	2	1	2	3	3
516	1	1	2	1	2	3	1
517	2	1	2	1	2	2	2
518	2	1	2	1	2	2	3
519	1	1	2	1	2	2	1
520	2	1	2	1	2	1	2
521	1	1	2	1	2	1	3
522	1	1	2	1	2	1	1
523	2	1	2	1	3	3	2
524	2	1	2	1	3	3	3
525	2	1	2	1	3	3	1
526	2	1	2	1	3	2	2
527	2	1	2	1	3	2	3
528	1	1	2	1	3	2	1
529	2	1	2	1	3	1	2
530	1	1	2	1	3	1	3
531	1	1	2	1	3	1	1
532	2	1	2	2	1	3	2
533	2	1	2	2	1	3	3
534	2	1	2	2	1	3	1
535	2	1	2	2	1	2	2
536	2	1	2	2	1	2	3
537	2	1	2	2	1	2	1
538	2	1	2	2	1	1	2
539	2	1	2	2	1	1	3
540	2	1	2	2	1	1	1
541	2	1	2	2	2	3	2
542	2	1	2	2	2	3	3
543	1	1	2	2	2	3	1
544	2	1	2	2	2	2	2
545	2	1	2	2	2	2	3
546	1	1	2	2	2	2	1
547	2	1	2	2	2	1	2
548	1	1	2	2	2	1	3
549	1	1	2	2	2	1	1
550	2	1	2	2	3	3	2
551	2	1	2	2	3	3	3
552	1	1	2	2	3	3	1
553	2	1	2	2	3	2	2
554	1	1	2	2	3	2	3
555	1	1	2	2	3	2	1
556	2	1	2	2	3	1	2
557	1	1	2	2	3	1	3
558	1	1	2	2	3	1	1
559	2	1	2	3	1	3	2
560	2	1	2	3	1	3	3
561	2	1	2	3	1	3	1
562	2	1	2	3	1	2	2
563	2	1	2	3	1	2	3
564	2	1	2	3	1	2	1
565	2	1	2	3	1	1	2
566	2	1	2	3	1	1	3
567	2	1	2	3	1	1	1
568	2	1	2	3	2	3	2
569	2	1	2	3	2	3	3
570	1	1	2	3	2	3	1
571	2	1	2	3	2	2	2
572	1	1	2	3	2	2	3
573	1	1	2	3	2	2	1
574	2	1	2	3	2	1	2
575	1	1	2	3	2	1	3
576	1	1	2	3	2	1	1
577	2	1	2	3	3	3	2
578	2	1	2	3	3	3	3
579	1	1	2	3	3	3	1
580	2	1	2	3	3	2	2
581	1	1	2	3	3	2	3
582	1	1	2	3	3	2	1
583	2	1	2	3	3	1	2
584	1	1	2	3	3	1	3
585	1	1	2	3	3	1	1
586	2	1	2	4	1	3	2
587	2	1	2	4	1	3	3
588	2	1	2	4	1	3	1
589	2	1	2	4	1	2	2
590	2	1	2	4	1	2	3
591	2	1	2	4	1	2	1
592	2	1	2	4	1	1	2
593	2	1	2	4	1	1	3
594	2	1	2	4	1	1	1
595	2	1	2	4	2	3	2
596	2	1	2	4	2	3	3
597	1	1	2	4	2	3	1
598	2	1	2	4	2	2	2
599	1	1	2	4	2	2	3
600	1	1	2	4	2	2	1
601	2	1	2	4	2	1	2
602	1	1	2	4	2	1	3
603	1	1	2	4	2	1	1
604	2	1	2	4	3	3	2
605	2	1	2	4	3	3	3
606	1	1	2	4	3	3	1
607	2	1	2	4	3	2	2
608	1	1	2	4	3	2	3
609	1	1	2	4	3	2	1
610	2	1	2	4	3	1	2
611	1	1	2	4	3	1	3
612	1	1	2	4	3	1	1
613	2	3	4	1	1	3	2
614	2	3	4	1	1	3	3
615	2	3	4	1	1	3	1
616	2	3	4	1	1	2	2
617	2	3	4	1	1	2	3
618	2	3	4	1	1	2	1
619	2	3	4	1	1	1	2
620	2	3	4	1	1	1	3
621	2	3	4	1	1	1	1
622	2	3	4	1	2	3	2
623	2	3	4	1	2	3	3
624	1	3	4	1	2	3	1
625	2	3	4	1	2	2	2
626	2	3	4	1	2	2	3
627	1	3	4	1	2	2	1
628	2	3	4	1	2	1	2
629	1	3	4	1	2	1	3
630	1	3	4	1	2	1	1
631	2	3	4	1	3	3	2
632	2	3	4	1	3	3	3
633	2	3	4	1	3	3	1
634	2	3	4	1	3	2	2
635	2	3	4	1	3	2	3
636	1	3	4	1	3	2	1
637	2	3	4	1	3	1	2
638	1	3	4	1	3	1	3
639	1	3	4	1	3	1	1
640	2	3	4	2	1	3	2
641	2	3	4	2	1	3	3
642	2	3	4	2	1	3	1
643	2	3	4	2	1	2	2
644	2	3	4	2	1	2	3
645	2	3	4	2	1	2	1
646	2	3	4	2	1	1	2
647	2	3	4	2	1	1	3
648	2	3	4	2	1	1	1
649	2	3	4	2	2	3	2
650	2	3	4	2	2	3	3
651	1	3	4	2	2	3	1
652	2	3	4	2	2	2	2
653	2	3	4	2	2	2	3
654	1	3	4	2	2	2	1
655	2	3	4	2	2	1	2
656	1	3	4	2	2	1	3
657	1	3	4	2	2	1	1
658	2	3	4	2	3	3	2
659	2	3	4	2	3	3	3
660	1	3	4	2	3	3	1
661	2	3	4	2	3	2	2
662	1	3	4	2	3	2	3
663	1	3	4	2	3	2	1
664	2	3	4	2	3	1	2
665	1	3	4	2	3	1	3
666	1	3	4	2	3	1	1
667	2	3	4	3	1	3	2
668	2	3	4	3	1	3	3
669	2	3	4	3	1	3	1
670	2	3	4	3	1	2	2
671	2	3	4	3	1	2	3
672	2	3	4	3	1	2	1
673	2	3	4	3	1	1	2
674	2	3	4	3	1	1	3
675	2	3	4	3	1	1	1
676	2	3	4	3	2	3	2
677	2	3	4	3	2	3	3
678	1	3	4	3	2	3	1
679	2	3	4	3	2	2	2
680	1	3	4	3	2	2	3
681	1	3	4	3	2	2	1
682	2	3	4	3	2	1	2
683	1	3	4	3	2	1	3
684	1	3	4	3	2	1	1
685	2	3	4	3	3	3	2
686	2	3	4	3	3	3	3
687	1	3	4	3	3	3	1
688	2	3	4	3	3	2	2
689	1	3	4	3	3	2	3
690	1	3	4	3	3	2	1
691	2	3	4	3	3	1	2
692	1	3	4	3	3	1	3
693	1	3	4	3	3	1	1
694	2	3	4	4	1	3	2
695	2	3	4	4	1	3	3
696	2	3	4	4	1	3	1
697	2	3	4	4	1	2	2
698	2	3	4	4	1	2	3
699	2	3	4	4	1	2	1
700	2	3	4	4	1	1	2
701	2	3	4	4	1	1	3
702	2	3	4	4	1	1	1
703	2	3	4	4	2	3	2
704	2	3	4	4	2	3	3
705	1	3	4	4	2	3	1
706	2	3	4	4	2	2	2
707	1	3	4	4	2	2	3
708	1	3	4	4	2	2	1
709	2	3	4	4	2	1	2
710	1	3	4	4	2	1	3
711	1	3	4	4	2	1	1
712	2	3	4	4	3	3	2
713	2	3	4	4	3	3	3
714	1	3	4	4	3	3	1
715	2	3	4	4	3	2	2
716	1	3	4	4	3	2	3
717	1	3	4	4	3	2	1
718	2	3	4	4	3	1	2
719	1	3	4	4	3	1	3
720	1	3	4	4	3	1	1
721	2	3	1	1	1	3	2
722	2	3	1	1	1	3	3
723	2	3	1	1	1	3	1
724	2	3	1	1	1	2	2
725	2	3	1	1	1	2	3
726	2	3	1	1	1	2	1
727	2	3	1	1	1	1	2
728	2	3	1	1	1	1	3
729	2	3	1	1	1	1	1
730	2	3	1	1	2	3	2
731	2	3	1	1	2	3	3
732	1	3	1	1	2	3	1
733	2	3	1	1	2	2	2
734	2	3	1	1	2	2	3
735	1	3	1	1	2	2	1
736	2	3	1	1	2	1	2
737	1	3	1	1	2	1	3
738	1	3	1	1	2	1	1
739	2	3	1	1	3	3	2
740	2	3	1	1	3	3	3
741	2	3	1	1	3	3	1
742	2	3	1	1	3	2	2
743	2	3	1	1	3	2	3
744	1	3	1	1	3	2	1
745	2	3	1	1	3	1	2
746	1	3	1	1	3	1	3
747	1	3	1	1	3	1	1
748	2	3	1	2	1	3	2
749	2	3	1	2	1	3	3
750	2	3	1	2	1	3	1
751	2	3	1	2	1	2	2
752	2	3	1	2	1	2	3
753	2	3	1	2	1	2	1
754	2	3	1	2	1	1	2
755	2	3	1	2	1	1	3
756	2	3	1	2	1	1	1
757	2	3	1	2	2	3	2
758	2	3	1	2	2	3	3
759	1	3	1	2	2	3	1
760	2	3	1	2	2	2	2
761	2	3	1	2	2	2	3
762	1	3	1	2	2	2	1
763	2	3	1	2	2	1	2
764	1	3	1	2	2	1	3
765	1	3	1	2	2	1	1
766	2	3	1	2	3	3	2
767	2	3	1	2	3	3	3
768	1	3	1	2	3	3	1
769	2	3	1	2	3	2	2
770	1	3	1	2	3	2	3
771	1	3	1	2	3	2	1
772	2	3	1	2	3	1	2
773	1	3	1	2	3	1	3
774	1	3	1	2	3	1	1
775	2	3	1	3	1	3	2
776	2	3	1	3	1	3	3
777	2	3	1	3	1	3	1
778	2	3	1	3	1	2	2
779	2	3	1	3	1	2	3
780	2	3	1	3	1	2	1
781	2	3	1	3	1	1	2
782	2	3	1	3	1	1	3
783	2	3	1	3	1	1	1
784	2	3	1	3	2	3	2
785	2	3	1	3	2	3	3
786	1	3	1	3	2	3	1
787	2	3	1	3	2	2	2
788	1	3	1	3	2	2	3
789	1	3	1	3	2	2	1
790	2	3	1	3	2	1	2
791	1	3	1	3	2	1	3
792	1	3	1	3	2	1	1
793	2	3	1	3	3	3	2
794	2	3	1	3	3	3	3
795	1	3	1	3	3	3	1
796	2	3	1	3	3	2	2
797	1	3	1	3	3	2	3
798	1	3	1	3	3	2	1
799	2	3	1	3	3	1	2
800	1	3	1	3	3	1	3
801	1	3	1	3	3	1	1
802	2	3	1	4	1	3	2
803	2	3	1	4	1	3	3
804	2	3	1	4	1	3	1
805	2	3	1	4	1	2	2
806	2	3	1	4	1	2	3
807	2	3	1	4	1	2	1
808	2	3	1	4	1	1	2
809	2	3	1	4	1	1	3
810	2	3	1	4	1	1	1
811	2	3	1	4	2	3	2
812	2	3	1	4	2	3	3
813	1	3	1	4	2	3	1
814	2	3	1	4	2	2	2
815	1	3	1	4	2	2	3
816	1	3	1	4	2	2	1
817	2	3	1	4	2	1	2
818	1	3	1	4	2	1	3
819	1	3	1	4	2	1	1
820	2	3	1	4	3	3	2
821	2	3	1	4	3	3	3
822	1	3	1	4	3	3	1
823	2	3	1	4	3	2	2
824	1	3	1	4	3	2	3
825	1	3	1	4	3	2	1
826	2	3	1	4	3	1	2
827	1	3	1	4	3	1	3
828	1	3	1	4	3	1	1
829	2	3	3	1	1	3	2
830	2	3	3	1	1	3	3
831	2	3	3	1	1	3	1
832	2	3	3	1	1	2	2
833	2	3	3	1	1	2	3
834	2	3	3	1	1	2	1
835	2	3	3	1	1	1	2
836	2	3	3	1	1	1	3
837	2	3	3	1	1	1	1
838	2	3	3	1	2	3	2
839	1	3	3	1	2	3	3
840	1	3	3	1	2	3	1
841	2	3	3	1	2	2	2
842	1	3	3	1	2	2	3
843	1	3	3	1	2	2	1
844	2	3	3	1	2	1	2
845	1	3	3	1	2	1	3
846	1	3	3	1	2	1	1
847	2	3	3	1	3	3	2
848	2	3	3	1	3	3	3
849	2	3	3	1	3	3	1
850	2	3	3	1	3	2	2
851	1	3	3	1	3	2	3
852	1	3	3	1	3	2	1
853	2	3	3	1	3	1	2
854	1	3	3	1	3	1	3
855	1	3	3	1	3	1	1
856	2	3	3	2	1	3	2
857	2	3	3	2	1	3	3
858	2	3	3	2	1	3	1
859	2	3	3	2	1	2	2
860	2	3	3	2	1	2	3
861	2	3	3	2	1	2	1
862	2	3	3	2	1	1	2
863	2	3	3	2	1	1	3
864	2	3	3	2	1	1	1
865	2	3	3	2	2	3	2
866	1	3	3	2	2	3	3
867	1	3	3	2	2	3	1
868	2	3	3	2	2	2	2
869	1	3	3	2	2	2	3
870	1	3	3	2	2	2	1
871	2	3	3	2	2	1	2
872	1	3	3	2	2	1	3
873	1	3	3	2	2	1	1
874	2	3	3	2	3	3	2
875	1	3	3	2	3	3	3
876	1	3	3	2	3	3	1
877	2	3	3	2	3	2	2
878	1	3	3	2	3	2	3
879	1	3	3	2	3	2	1
880	2	3	3	2	3	1	2
881	1	3	3	2	3	1	3
882	1	3	3	2	3	1	1
883	2	3	3	3	1	3	2
884	2	3	3	3	1	3	3
885	2	3	3	3	1	3	1
886	2	3	3	3	1	2	2
887	2	3	3	3	1	2	3
888	2	3	3	3	1	2	1
889	2	3	3	3	1	1	2
890	2	3	3	3	1	1	3
891	2	3	3	3	1	1	1
892	2	3	3	3	2	3	2
893	1	3	3	3	2	3	3
894	1	3	3	3	2	3	1
895	2	3	3	3	2	2	2
896	1	3	3	3	2	2	3
897	1	3	3	3	2	2	1
898	2	3	3	3	2	1	2
899	1	3	3	3	2	1	3
900	1	3	3	3	2	1	1
901	2	3	3	3	3	3	2
902	1	3	3	3	3	3	3
903	1	3	3	3	3	3	1
904	2	3	3	3	3	2	2
905	1	3	3	3	3	2	3
906	1	3	3	3	3	2	1
907	2	3	3	3	3	1	2
908	1	3	3	3	3	1	3
909	1	3	3	3	3	1	1
910	2	3	3	4	1	3	2
911	2	3	3	4	1	3	3
912	2	3	3	4	1	3	1
913	2	3	3	4	1	2	2
914	2	3	3	4	1	2	3
915	2	3	3	4	1	2	1
916	2	3	3	4	1	1	2
917	2	3	3	4	1	1	3
918	2	3	3	4	1	1	1
919	2	3	3	4	2	3	2
920	1	3	3	4	2	3	3
921	1	3	3	4	2	3	1
922	2	3	3	4	2	2	2
923	1	3	3	4	2	2	3
924	1	3	3	4	2	2	1
925	2	3	3	4	2	1	2
926	1	3	3	4	2	1	3
927	1	3	3	4	2	1	1
928	2	3	3	4	3	3	2
929	1	3	3	4	3	3	3
930	1	3	3	4	3	3	1
931	2	3	3	4	3	2	2
932	1	3	3	4	3	2	3
933	1	3	3	4	3	2	1
934	2	3	3	4	3	1	2
935	1	3	3	4	3	1	3
936	1	3	3	4	3	1	1
937	2	3	2	1	1	3	2
938	2	3	2	1	1	3	3
939	2	3	2	1	1	3	1
940	2	3	2	1	1	2	2
941	2	3	2	1	1	2	3
942	2	3	2	1	1	2	1
943	2	3	2	1	1	1	2
944	2	3	2	1	1	1	3
945	2	3	2	1	1	1	1
946	2	3	2	1	2	3	2
947	1	3	2	1	2	3	3
948	1	3	2	1	2	3	1
949	2	3	2	1	2	2	2
950	1	3	2	1	2	2	3
951	1	3	2	1	2	2	1
952	2	3	2	1	2	1	2
953	1	3	2	1	2	1	3
954	1	3	2	1	2	1	1
955	2	3	2	1	3	3	2
956	2	3	2	1	3	3	3
957	2	3	2	1	3	3	1
958	2	3	2	1	3	2	2
959	1	3	2	1	3	2	3
960	1	3	2	1	3	2	1
961	2	3	2	1	3	1	2
962	1	3	2	1	3	1	3
963	1	3	2	1	3	1	1
964	1	3	2	2	2	3	3
965	1	3	2	2	2	3	1
966	2	3	2	2	2	2	2
967	1	3	2	2	2	2	3
968	1	3	2	2	2	2	1
969	2	3	2	2	2	1	2
970	1	3	2	2	2	1	3
971	1	3	2	2	2	1	1
972	2	3	2	2	3	3	2
973	1	3	2	2	3	3	3
974	1	3	2	2	3	3	1
975	2	3	2	2	3	2	2
976	1	3	2	2	3	2	3
977	1	3	2	2	3	2	1
978	2	3	2	2	3	1	2
979	1	3	2	2	3	1	3
980	1	3	2	2	3	1	1
981	2	3	2	3	1	3	2
982	2	3	2	3	1	3	3
983	2	3	2	3	1	3	1
984	2	3	2	3	1	2	2
985	2	3	2	3	1	2	3
986	2	3	2	3	1	2	1
987	2	3	2	3	1	1	2
988	2	3	2	3	1	1	3
989	2	3	2	3	1	1	1
990	2	3	2	3	2	3	2
991	1	3	2	3	2	3	3
992	1	3	2	3	2	3	1
993	2	3	2	3	2	2	2
994	1	3	2	3	2	2	3
995	1	3	2	3	2	2	1
996	2	3	2	3	2	1	2
997	1	3	2	3	2	1	3
998	1	3	2	3	2	1	1
999	2	3	2	3	3	3	2
1000	1	3	2	3	3	3	3
1001	1	3	2	3	3	3	1
1002	2	3	2	3	3	2	2
1003	1	3	2	3	3	2	3
1004	1	3	2	3	3	2	1
1005	2	3	2	3	3	1	2
1006	1	3	2	3	3	1	3
1007	1	3	2	3	3	1	1
1008	1	3	2	4	2	3	3
1009	1	3	2	4	2	3	1
1010	2	3	2	4	2	2	2
1011	1	3	2	4	2	2	3
1012	1	3	2	4	2	2	1
1013	2	3	2	4	2	1	2
1014	1	3	2	4	2	1	3
1015	1	3	2	4	2	1	1
1016	2	3	2	4	3	3	2
1017	1	3	2	4	3	3	3
1018	1	3	2	4	3	3	1
1019	2	3	2	4	3	2	2
1020	1	3	2	4	3	2	3
1021	1	3	2	4	3	2	1
1022	2	3	2	4	3	1	2
1023	1	3	2	4	3	1	3
1024	1	3	2	4	3	1	1
1025	2	2	4	1	1	3	2
1026	2	2	4	1	1	3	3
1027	2	2	4	1	1	3	1
1028	2	2	4	1	1	2	2
1029	2	2	4	1	1	2	3
1030	1	2	4	1	2	3	1
1031	2	2	4	1	2	2	2
1032	2	2	4	1	2	2	3
1033	1	2	4	1	2	2	1
1034	2	2	4	1	2	1	2
1035	1	2	4	1	2	1	3
1036	1	2	4	1	2	1	1
1037	1	2	4	1	3	2	1
1038	2	2	4	1	3	1	2
1039	1	2	4	1	3	1	3
1040	1	2	4	1	3	1	1
1041	2	2	4	2	1	3	2
1042	2	2	4	2	1	3	3
1043	2	2	4	2	1	3	1
1044	2	2	4	2	1	2	2
1045	2	2	4	2	1	2	3
1046	2	2	4	2	1	2	1
1047	2	2	4	2	1	1	2
1048	2	2	4	2	1	1	3
1049	2	2	4	2	1	1	1
1050	2	2	4	2	2	3	2
1051	2	2	4	2	2	3	3
1052	1	2	4	2	2	3	1
1053	2	2	4	2	2	2	2
1054	2	2	4	2	2	2	3
1055	1	2	4	2	2	2	1
1056	2	2	4	2	2	1	2
1057	1	2	4	2	2	1	3
1058	1	2	4	2	2	1	1
1059	2	2	4	2	3	3	2
1060	2	2	4	2	3	3	3
1061	1	2	4	2	3	3	1
1062	2	2	4	2	3	2	2
1063	1	2	4	2	3	2	3
1064	1	2	4	2	3	2	1
1065	2	2	4	2	3	1	2
1066	1	2	4	2	3	1	3
1067	1	2	4	2	3	1	1
1068	2	2	4	3	1	3	2
1069	2	2	4	3	1	3	3
1070	2	2	4	3	2	2	2
1071	1	2	4	3	2	2	3
1072	1	2	4	3	2	2	1
1073	2	2	4	3	2	1	2
1074	1	2	4	3	2	1	3
1075	1	2	4	3	2	1	1
1076	2	2	4	3	3	3	2
1077	2	2	4	3	3	3	3
1078	1	2	4	3	3	3	1
1079	2	2	4	3	3	2	2
1080	1	2	4	3	3	2	3
1081	1	2	4	3	3	2	1
1082	2	2	4	3	3	1	2
1083	1	2	4	3	3	1	3
1084	1	2	4	3	3	1	1
1085	1	2	4	4	2	3	1
1086	2	2	4	4	2	2	2
1087	1	2	4	4	2	2	3
1088	1	2	4	4	2	2	1
1089	2	2	4	4	2	1	2
1090	1	2	4	4	2	1	3
1091	1	2	4	4	2	1	1
1092	2	2	4	4	3	3	2
1093	2	2	4	4	3	3	3
1094	1	2	4	4	3	3	1
1095	2	2	4	4	3	2	2
1096	1	2	4	4	3	2	3
1097	1	2	4	4	3	2	1
1098	2	2	4	4	3	1	2
1099	1	2	4	4	3	1	3
1100	1	2	4	4	3	1	1
1101	1	2	1	1	2	3	3
1102	1	2	1	1	2	3	1
1103	2	2	1	1	2	2	2
1104	1	2	1	1	2	2	3
1105	1	2	1	1	2	2	1
1106	2	2	1	1	2	1	2
1107	1	2	1	1	2	1	3
1108	1	2	1	1	2	1	1
1109	1	2	1	1	3	2	1
1110	2	2	1	1	3	1	2
1111	1	2	1	1	3	1	3
1112	2	2	1	2	2	3	2
1113	1	2	1	2	2	3	3
1114	1	2	1	2	2	3	1
1115	2	2	1	2	2	2	2
1116	1	2	1	2	2	2	3
1117	1	2	1	2	2	2	1
1118	2	2	1	2	2	1	2
1119	1	2	1	2	2	1	3
1120	1	2	1	2	2	1	1
1121	2	2	1	2	3	3	2
1122	1	2	1	2	3	3	3
1123	1	2	1	2	3	3	1
1124	2	2	1	2	3	2	2
1125	1	2	1	2	3	2	3
1126	1	2	1	2	3	2	1
1127	2	2	1	2	3	1	2
1128	1	2	1	2	3	1	3
1129	1	2	1	2	3	1	1
1130	1	2	1	3	2	3	3
1131	1	2	1	3	2	3	1
1132	2	2	1	3	2	2	2
1133	1	2	1	3	2	2	3
1134	1	2	1	3	2	2	1
1135	2	2	1	3	2	1	2
1136	1	2	1	3	2	1	3
1137	1	2	1	3	2	1	1
1138	2	2	1	3	3	3	2
1139	1	2	1	3	3	3	3
1140	1	2	1	3	3	3	1
1141	2	2	1	3	3	2	2
1142	1	2	1	3	3	2	3
1143	1	2	1	3	3	2	1
1144	2	2	1	3	3	1	2
1145	1	2	1	3	3	1	3
1146	1	2	1	3	3	1	1
1147	2	2	1	4	1	3	2
1148	2	2	1	4	1	3	3
1149	2	2	1	4	1	3	1
1150	2	2	1	4	1	2	2
1151	2	2	1	4	1	2	3
1152	2	2	1	4	1	2	1
1153	2	2	1	4	1	1	2
1154	2	2	1	4	1	1	3
1155	2	2	1	4	1	1	1
1156	2	2	1	4	2	3	2
1157	1	2	1	4	2	3	3
1158	1	2	1	4	2	3	1
1159	2	2	1	4	2	2	2
1160	1	2	1	4	2	2	3
1161	1	2	1	4	2	2	1
1162	2	2	1	4	2	1	2
1163	1	2	1	4	2	1	3
1164	1	2	1	4	2	1	1
1165	2	2	1	4	3	3	2
1166	1	2	1	4	3	3	3
1167	1	2	1	4	3	3	1
1168	2	2	1	4	3	2	2
1169	1	2	1	4	3	2	3
1170	1	2	1	4	3	2	1
1171	2	2	1	4	3	1	2
1172	1	2	1	4	3	1	3
1173	1	2	1	4	3	1	1
1174	1	2	3	1	2	3	3
1175	1	2	3	1	2	3	1
1176	2	2	3	1	2	2	2
1177	1	2	3	1	2	2	3
1178	1	2	3	1	2	2	1
1179	2	2	3	1	2	1	2
1180	1	2	3	1	2	1	3
1181	1	2	3	1	2	1	1
1182	2	2	3	1	3	3	2
1183	2	2	3	1	3	3	3
1184	2	2	3	1	3	3	1
1185	2	2	3	1	3	2	2
1186	1	2	3	1	3	2	3
1187	1	2	3	1	3	2	1
1188	2	2	3	1	3	1	2
1189	1	2	3	1	3	1	3
1190	1	2	3	1	3	1	1
1191	2	2	3	2	1	3	2
1192	2	2	3	2	1	3	3
1193	2	2	3	2	1	3	1
1194	2	2	3	2	1	2	2
1195	2	2	3	2	1	2	3
1196	2	2	3	2	1	2	1
1197	2	2	3	2	1	1	2
1198	2	2	3	2	1	1	3
1199	2	2	3	2	1	1	1
1200	2	2	3	2	2	3	2
1201	1	2	3	2	2	3	3
1202	1	2	3	2	2	3	1
1203	2	2	3	2	2	2	2
1204	1	2	3	2	2	2	3
1205	1	2	3	2	2	2	1
1206	2	2	3	2	2	1	2
1207	1	2	3	2	2	1	3
1208	1	2	3	2	2	1	1
1209	2	2	3	2	3	3	2
1210	1	2	3	2	3	3	3
1211	1	2	3	2	3	3	1
1212	2	2	3	2	3	2	2
1213	1	2	3	2	3	2	3
1214	1	2	3	2	3	2	1
1215	2	2	3	2	3	1	2
1216	1	2	3	2	3	1	3
1217	1	2	3	2	3	1	1
1218	2	2	3	3	1	3	2
1219	2	2	3	3	1	3	3
1220	2	2	3	3	1	3	1
1221	2	2	3	3	1	2	2
1222	2	2	3	3	1	2	3
1223	2	2	3	3	1	2	1
1224	2	2	3	3	1	1	2
1225	2	2	3	3	1	1	3
1226	2	2	3	3	1	1	1
1227	2	2	3	3	2	3	2
1228	1	2	3	3	2	3	3
1229	1	2	3	3	2	3	1
1230	2	2	3	3	2	2	2
1231	1	2	3	3	2	2	3
1232	1	2	3	3	2	2	1
1233	2	2	3	3	2	1	2
1234	1	2	3	3	2	1	3
1235	1	2	3	3	2	1	1
1236	2	2	3	3	3	3	2
1237	1	2	3	3	3	3	3
1238	1	2	3	3	3	3	1
1239	2	2	3	3	3	2	2
1240	1	2	3	3	3	2	3
1241	1	2	3	3	3	2	1
1242	2	2	3	3	3	1	2
1243	1	2	3	3	3	1	3
1244	1	2	3	3	3	1	1
1245	2	2	3	4	1	3	2
1246	2	2	3	4	1	3	3
1247	2	2	3	4	1	3	1
1248	2	2	3	4	1	2	2
1249	2	2	3	4	1	2	3
1250	2	2	3	4	1	2	1
1251	2	2	3	4	1	1	2
1252	2	2	3	4	1	1	3
1253	2	2	3	4	1	1	1
1254	2	2	3	4	2	3	2
1255	1	2	3	4	2	3	3
1256	1	2	3	4	2	3	1
1257	2	2	3	4	2	2	2
1258	1	2	3	4	2	2	3
1259	1	2	3	4	2	2	1
1260	2	2	3	4	2	1	2
1261	1	2	3	4	2	1	3
1262	1	2	3	4	2	1	1
1263	2	2	3	4	3	3	2
1264	1	2	3	4	3	3	3
1265	1	2	3	4	3	3	1
1266	2	2	3	4	3	2	2
1267	1	2	3	4	3	2	3
1268	1	2	3	4	3	2	1
1269	2	2	3	4	3	1	2
1270	1	2	3	4	3	1	3
1271	1	2	3	4	3	1	1
1272	1	2	2	1	2	3	3
1273	1	2	2	1	2	3	1
1274	2	2	2	1	2	2	2
1275	1	2	2	1	2	2	3
1276	1	2	2	1	2	2	1
1277	2	2	2	1	2	1	2
1278	1	2	2	1	2	1	3
1279	1	2	2	1	2	1	1
1280	2	2	2	1	3	3	2
1281	2	2	2	1	3	3	3
1282	2	2	2	1	3	3	1
1283	2	2	2	1	3	2	2
1284	1	2	2	1	3	2	3
1285	1	2	2	1	3	2	1
1286	2	2	2	1	3	1	2
1287	1	2	2	1	3	1	3
1288	1	2	2	1	3	1	1
1289	1	2	2	2	2	3	3
1290	1	2	2	2	2	3	1
1291	2	2	2	2	2	2	2
1292	1	2	2	2	2	2	3
1293	1	2	2	2	2	2	1
1294	2	2	2	2	2	1	2
1295	1	2	2	2	2	1	3
1296	1	2	2	2	2	1	1
1297	2	2	2	2	3	3	2
1298	1	2	2	2	3	3	3
1299	1	2	2	2	3	3	1
1300	2	2	2	2	3	2	2
1301	1	2	2	2	3	2	3
1302	1	2	2	2	3	2	1
1303	2	2	2	2	3	1	2
1304	1	2	2	2	3	1	3
1305	1	2	2	2	3	1	1
1306	2	2	2	3	1	3	2
1307	2	2	2	3	1	3	3
1308	2	2	2	3	1	3	1
1309	2	2	2	3	1	2	2
1310	2	2	2	3	1	2	3
1311	2	2	2	3	1	2	1
1312	2	2	2	3	1	1	2
1313	2	2	2	3	1	1	3
1314	2	2	2	3	1	1	1
1315	2	2	2	3	2	3	2
1316	1	2	2	3	2	3	3
1317	1	2	2	3	2	3	1
1318	2	2	2	3	2	2	2
1319	1	2	2	3	2	2	3
1320	1	2	2	3	2	2	1
1321	2	2	2	3	2	1	2
1322	1	2	2	3	2	1	3
1323	1	2	2	3	2	1	1
1324	2	2	2	3	3	3	2
1325	1	2	2	3	3	3	3
1326	1	2	2	3	3	3	1
1327	2	2	2	3	3	2	2
1328	1	2	2	3	3	2	3
1329	1	2	2	3	3	2	1
1330	2	2	2	3	3	1	2
1331	1	2	2	3	3	1	3
1332	1	2	2	3	3	1	1
1333	1	2	2	4	2	3	3
1334	1	2	2	4	2	3	1
1335	2	2	2	4	2	2	2
1336	1	2	2	4	2	2	3
1337	1	2	2	4	2	2	1
1338	2	2	2	4	2	1	2
1339	1	2	2	4	2	1	3
1340	1	2	2	4	2	1	1
1341	2	2	2	4	3	3	2
1342	1	2	2	4	3	3	3
1343	1	2	2	4	3	3	1
1344	2	2	2	4	3	2	2
1345	1	2	2	4	3	2	3
1346	1	2	2	4	3	2	1
1347	2	2	2	4	3	1	2
1348	1	2	2	4	3	1	3
1349	1	2	2	4	3	1	1
